3640638, 8613250, 4972612
9399358, 13564061, 4164703
14296619, 18518451, 4221832
19326042, 23489854, 4163812
24314330, 28621773, 4307443
29505067, 33813954, 4308887
34615785, 38834662, 4218877
39664776, 43874967, 4210191
44761317, 48939638, 4178321
49686813, 53940076, 4253263
54711124, 58866033, 4154909
59614584, 63800621, 4186037
64627313, 68877565, 4250252
69720894, 73866833, 4145939
74634388, 78768378, 4133990
79571810, 83732187, 4160377
84484134, 89212902, 4728768
90035402, 94235129, 4199727
95006857, 99081819, 4074962
99810216, 103969503, 4159287
104818036, 109006528, 4188492
109831294, 113990347, 4159053
114770019, 118914849, 4144830
119688996, 124064130, 4375134
124823411, 129017659, 4194248
129827742, 134004553, 4176811
134755619, 138962350, 4206731
139712138, 143943662, 4231524
144701042, 148873363, 4172321
149625429, 154033290, 4407861
154812467, 159030681, 4218214
159864768, 164067865, 4203097
164813656, 169604438, 4790782
170409160, 174659596, 4250436
175496230, 179955622, 4459392
180781127, 185029003, 4247876
185809439, 190102187, 4292748
190912317, 195048471, 4136154
195792653, 199917002, 4124349
200664187, 204913962, 4249775
205693674, 209822135, 4128461
210642341, 214791406, 4149065
215607112, 219902366, 4295254
220705123, 224837949, 4132826
225592464, 229774008, 4181544
230596212, 234844302, 4248090
235619200, 239837083, 4217883
240703179, 244848204, 4145025
245649160, 250404148, 4754988
251279938, 255445035, 4165097
256223769, 260438782, 4215013
261276745, 265551043, 4274298
266390083, 270498499, 4108416
271425283, 275756082, 4330799
276530556, 280691345, 4160789
281520707, 285872764, 4352057
286605854, 290774787, 4168933
291611111, 295826260, 4215149
296638935, 300869026, 4230091
301666131, 305859455, 4193324
306656552, 310799129, 4142577
311609342, 315798371, 4189029
316560393, 320715790, 4155397
321443208, 325613279, 4170071
326499031, 331268197, 4769166
332058465, 336175490, 4117025
336939010, 341200435, 4261425
342003090, 346189364, 4186274
347003148, 351231088, 4227940
352001062, 356295022, 4293960
357111352, 361259912, 4148560
362034173, 366199737, 4165564
366988159, 371137865, 4149706
371979955, 376294786, 4314831
377120391, 381347605, 4227214
382126503, 386271196, 4144693
387057583, 391349861, 4292278
392139497, 396372200, 4232703
397185178, 401343220, 4158042
402151493, 406397220, 4245727
407180253, 412069702, 4889449
412823419, 417021290, 4197871
417804991, 421908029, 4103038
422667545, 426911608, 4244063
427804020, 432016087, 4212067
432795840, 436989838, 4193998
437801865, 441957963, 4156098
442752934, 446968074, 4215140
447766231, 452042684, 4276453
452846735, 457048329, 4201594
457861106, 462029557, 4168451
462800302, 466922719, 4122417
467692753, 471844033, 4151280
472602013, 476749918, 4147905
477530234, 481671512, 4141278
482461421, 486597952, 4136531
487383397, 492229796, 4846399
492988661, 497119059, 4130398
497942529, 502126130, 4183601
502901937, 507112988, 4211051
